85326782339, 12 
 16058313261, 2 
 45013305050, 3 
 73813173305, 3 
 45123642235, 2 
 11241098527, 17 
 25335243349, 11 
 64848830792, 6 
 79148343988, 2 
 92676556858, 9 
 27426618776, 10 
 68945636735, 8 
 29342092270, 1 
 97778105346, 9 
 57012603252, 6 
 51201394265, 4 
 65000167176, 1 
 34053990810, 4 
 12928806668, 2 
 59636030891, 14 
 38334777459, 18 
 45598881968, 2 
 64718572908, 9 
 87161321817, 14 
 12820640279, 16 
 14097862103, 5 
 55703811619, 2 
 63869975346, 4 
 46516646073, 9 
 94727014609, 3 
 35097270098, 3 
 44342756043, 12 
 66786937824, 7 
 46237780323, 6 
 33031423444, 10 
 55032329783, 8 
 97800570408, 6 
 70433278304, 5 
 96657014618, 2 
 32821620805, 7 
 70792450575, 11 
 92318660142, 5 
 47102905090, 21 
 53114690443, 6 
 22822092850, 11 
 42690229710, 7 
 79501984751, 7 
 82229491821, 11 
 24031792002, 1 
 97702727213, 2 
 95873155412, 9 
 20725607745, 1 
 30687036858, 2 
 13554398027, 7 
 55549049886, 7 
 55891885906, 6 
 12278618835, 1 
 20630659032, 17 
 20782323313, 9 
 19501644315, 2 
 14539837581, 7 
 43036097053, 6 
 89048708977, 2 
 30851306057, 2 
 89392877099, 3 
 13102832400, 13 
 63033339392, 10 
 32867171731, 7 
 36085669640, 9 
 95355661319, 3 
 61016752212, 4 
 38581342421, 8 
 28174244985, 2 
 99770403017, 10 
 98443755116, 2 
 93820576297, 3 
 40367785014, 19 
 49789243359, 5 
 62519047354, 4 
 56697312432, 3 
 59411284747, 2 
 75380291734, 5 
 44522067210, 10 
 42387707597, 1 
 31682551025, 6 
 21986469301, 7 
 67182645863, 8 
 58130274043, 12 
 40113680616, 7 
 31253287247, 3 
 10105501010, 4 
 18093210667, 10 
 73674216737, 1 
 22495809106, 20 
 13139527809, 3 
 99204074423, 10 
 19013783593, 2 
 85874407509, 10 
 27872399016, 18 
 40978746378, 9 
 66049841263, 16 
 22752535977, 8 
 95007155832, 9 
 24359957247, 5 
 97917703689, 5 
 44307036840, 4 
 60259932410, 2 
 88692950167, 9 
 60433855845, 5 
 43685981359, 5 
 16889685780, 2 
 81760026678, 7 
 57369228607, 4 
 79702034690, 7 
 76176811931, 8 
 77709863853, 5 
 14288916738, 2 
 86791877407, 5 
 81757843023, 15 
 45525884695, 5 
 35267564916, 2 
 84468237282, 1 
 59228951658, 11 
 15803274542, 2 
 60231424912, 8 
 55684135847, 1 
 79737488279, 9 
 91616809853, 18 
 18669370147, 4 
 17243128604, 4 
 75509766394, 10 
 15755798595, 12 
 47554986750, 3 
 76404240095, 4 
 28291563968, 8 
 83170698939, 3 
 65958452344, 14 
 59260171515, 3 
 10984232685, 3 
 81509493184, 7 
 55113894610, 8 
 83877256900, 10 
 89281391817, 3 
 66338035006, 17 
 52793798665, 8 
 36230006701, 3 
 54047356252, 8 
 41946722443, 1 
 42084703515, 4 
 92914420488, 10 
 25815138350, 12 
 87546923093, 11 
 91877407410, 5 
 71320882808, 2 
 23548677744, 8 
 65690412488, 12 
 18321074888, 4 
 16362615737, 6 
 96675803332, 8 
 49711314727, 12 
 75857721844, 6 
 30254173745, 1 
 93281943856, 8 
 37804311271, 9 
 52911083882, 3 
 44537155162, 6 
 59134854360, 16 
 22371357972, 2 
 85500770460, 2 
 52810596676, 15 
 53679584816, 8 
 23649157038, 9 
 46011649573, 11 
 56952537356, 9 
 89898952814, 2 
 91850447676, 9 
 92542662538, 9 
 52484911205, 10 
 43739930825, 1 
 49389081184, 8 
 22491363288, 7 
 30723671664, 9 
 98441756845, 5 
 55115126934, 4 
 76556150685, 8 
 62610920838, 2 
 40269811674, 20 
 91462640795, 7 
 49256462203, 1 
 42344341106, 14 
 18427149801, 5 
 98069559643, 17 
 29156276090, 19 
 84564017552, 11 
 63685524476, 4 
 50439559108, 4 
 11444182109, 9 
 49365123040, 5 
 39919125632, 9 
 57868430749, 5 
 10678523683, 6 
 55992159034, 8 
 48707191146, 6 
 34060955784, 5 
 73181769831, 6 
 10950496115, 1 
 41372909854, 4 
 88663580043, 3 
 47020677252, 2 
 15306295519, 7 
 49412945867, 9 
 70578268949, 14 
 88117330572, 12 
 50129543383, 6 
 14548860137, 1 
 50093722757, 14 
 61942674636, 10 
 92829870597, 5 
 34258836107, 1 
 19974541004, 9 
 17964155952, 9 
 60055551990, 4 
 66751899859, 6 
 81348465432, 6 
 90220916130, 3 
 25111122522, 2 
 60471983585, 8 
 65745405992, 1 
 12266782176, 3 
 26286798224, 12 
 29584627921, 5 
 85986865665, 4 
 15944661735, 7 
 63346609051, 8 
 52092275884, 8 
 19769683785, 2 
 93417090404, 10 
 63985939736, 18 
 58521682342, 11 
 53854706570, 9 
 15656894512, 6 
 66168709602, 1 
 96338869431, 10 
 26249925105, 4 
 23931137008, 3 
 91660053575, 8 
 73416977421, 12 
 91895211761, 2 
 58012557082, 8 
 63009101301, 5 
 55809490927, 6 
 77473946630, 3 
 71377332384, 4 
 14033308034, 3 
 46051136489, 3 
 44634808465, 15 
 44118069640, 2 
 30086171120, 4 
 19224163318, 9 
 45680882529, 9 
 84397170066, 4 
 15410179346, 3 
 71244307962, 7 
 27316323545, 6 
 85773934867, 7 
 84133957229, 3 
 33100358034, 5 
 60301185467, 8 
 98448232307, 7 
 95427288306, 4 
 59824475045, 6 
 56047633962, 7 
 55086120666, 9 
 81421477745, 5 
 59726000812, 3 
 74245960106, 10 
 18664368737, 9 
 74539143645, 2 
 73601730601, 4 
 49528135086, 7 
 80392555366, 7 
 24004437023, 10 
 93970728278, 19 
 47141464605, 10 
 50013545405, 6 
 12509737006, 6 
 70012679028, 4 
 65287158939, 1 
 41634776618, 5 
 11359128099, 12 
 40855792194, 8 
 51345815017, 5 
 46569807326, 4 
 15632738873, 5 
 60445389630, 8 
 97621604127, 7 
 57192331988, 5 
 95498202735, 3 
 99366927292, 5 
 93452723762, 8 
 21829691873, 6 
 87747568436, 9 
 87344275380, 3 
 25875554632, 6 
 21422409767, 7 
 59838145236, 11 
 50676255887, 6 
 39532340420, 16 
 31463421163, 6 
 85690678454, 12 
 80893626829, 10 
 84977941928, 8 
 51271122144, 6 
 82187642713, 10 
 96108182835, 2 
 76468807075, 3 
 66917169242, 4 
 23404721461, 18 
 62668434556, 5 
 66218224606, 4 
 80806879728, 6 
 93676478898, 3 
 10336056215, 3 
 23744257200, 2 
 42800706279, 6 
 40598899016, 3 
 83709453537, 2 
 73546788167, 2 
 10319976634, 10 
 53774378787, 8 
 73857734751, 14 
 24490961055, 9 
 44679970374, 3 
 39830054513, 8 
 12193189607, 2 
 55813270841, 4 
 66385382456, 7 
 98047110808, 3 
 84974051728, 16 
 56820697904, 14 
 53450431498, 2 
 80553616320, 9 
 42802855277, 5 
 74486885519, 2 
 19324187997, 11 
 41187506381, 10 
 25626013949, 1 
 82799848895, 4 
 93068345480, 5 
 50969466176, 10 
 27046979847, 11 
 69871096344, 5 
 60538555804, 9 
 50960808437, 11 
 82608217018, 10 
 67700183053, 1 
 34226084802, 16 
 23992905846, 8 
 87237154328, 4 
 69029015353, 10 
 62667597277, 10 
 96981400445, 12 
 87093333705, 1 
 55379137745, 14 
 37852174865, 5 
 19635402541, 18 
 20287487705, 3 
 29860395943, 10 
 30736947366, 17 
 94389656987, 10 
 71944004213, 5 
 56107204723, 10 
 48978580140, 9 
 94307285319, 7 
 67240642031, 10 
 31894492753, 13 
 19209298663, 2 
 96171295085, 6 
 40663541391, 6 
 75550157252, 10 
 40453512411, 1 
 31982625826, 3 
 21763742111, 10 
 11786650412, 4 
 96193206590, 8 
 54985249964, 3 
 64691677783, 2 
 55036049717, 7 
 71320627447, 7 
 30420735536, 1 
 77155458471, 10 
 79542935371, 7 
 38067242515, 8 
 80757832943, 4 
 93079881190, 2 
 82586339667, 23 
 17496409678, 3 
 20178639561, 8 
 73837022687, 16 
 33426605545, 8 
 56698418502, 5 
 67141179550, 2 
 38776408388, 2 
 40795655436, 13 
 56686922709, 13 
 33517626192, 8 
 27043639557, 7 
 61900986491, 3 
 60125577178, 3 
 70078452052, 1 
 67803868715, 5 
 53724364166, 2 
 43517876517, 7 
 96419779214, 4 
 20643716154, 12 
 56119611928, 6 
 64446135410, 3 
 20525591183, 9 
 37792243553, 8 
 50934778004, 1 
 54276374645, 1 
 94644354045, 8 
 64737953316, 9 
 68572493293, 3 
 49734726414, 3 
 31850047425, 4 
 95657353286, 7 
 10379764465, 1 
 79585021893, 3 
 19678120322, 9 
 97201847607, 5 
 69708857951, 10 
 65507940426, 10 
 45649602355, 2 
 75526562396, 6 
 76311457110, 8 
 30780950485, 9 
 16503931389, 4 
 49118315244, 23 
 86664485635, 9 
 36696282636, 12 
 83283869508, 14 
 10426337837, 3 
 33647290942, 1 
 85055188797, 7 
 95705835864, 5 
 63924768214, 1 
 50318881085, 5 
 71157427036, 3 
 39966974996, 2 
 17887372317, 14 
 45933746375, 4 
 75048721384, 22 
 69785425538, 10 
 66364527925, 4 
 42881676401, 17 
 20829536198, 5 
 66450864998, 9 
 64771286845, 6 
 11812638865, 10 
 13295924475, 10 
 71794680657, 2 
 34281861314, 2 
 34568427452, 2 
 79399855290, 6 
 47022229671, 6 
 42767132762, 10 
 63942778515, 9 
 13973629135, 4 
 47881663086, 7 
 14797807213, 6 
 26908591233, 17 
 72333409309, 7 
 85106537245, 8 
 69066935789, 6 
 21141972525, 10 
 40529506103, 6 
 38886242284, 6 
 66555863097, 3 
 37154459817, 4 
 45981752627, 4 
 70120632307, 4 
 34583849641, 10 
 18875403314, 4 
 29085834442, 1 
 64195365029, 7 
 63568712554, 3 
 79551261002, 10 
 27219355493, 9 
 80431725295, 4 
 45281718022, 20 
 70312822280, 10 
 45714615668, 2 
 23561545979, 5 
 40203695972, 3 
 61760839612, 19 
 42464150903, 9 
 21723968971, 7 
 37691314500, 10 
 91478316416, 3 
 57524321335, 6 
 52739049168, 9 
 54817945914, 4 
 77835580846, 9 
 25799370856, 7 
 30093571972, 2 
 50257314448, 7 
 83061664744, 5 
 28459538344, 10 
 82312650466, 4 
 56238110875, 9 
 65817440117, 8 
 54469694143, 8 
 41553793421, 10 
 64902324742, 3 
 86865701546, 7 
 28957183797, 9 
 88088296997, 3 
 16674773471, 11 
 28852531051, 4 
 99990550444, 3 
 93629376148, 9 
 52357621429, 1 
 65414975871, 7 
 89968249947, 12 
 27310737693, 1 
 27051798472, 5 
 19742844482, 10 
 58358049401, 3 
 90757782167, 9 
 51526611579, 3 
 31656879623, 9 
 29725233674, 7 
 17637000134, 7 
 76940500440, 5 
 94303186428, 8 
 13494263296, 4 
 56965590366, 10 
 24091963800, 16 
 14896166775, 6 
 35921203865, 6 
 56045649546, 10 
 77749128022, 5 
 59476939187, 1 
 49905717621, 6 
 38819034559, 12 
 69319544607, 19 
 86820555830, 8 
 33595446427, 3 
 70202078295, 1 
 71257310537, 9 
 11878826863, 3 
 46075276773, 8 
 22623039718, 9 
 94602795025, 10 
 98201233369, 5 
 21006663221, 1 
 74904596374, 4 
 66439973565, 4 
 19433801759, 6 
 99401317504, 2 
 24533784170, 18 
 81614113784, 12 
 97370744536, 8 
 72828156038, 10 
 34409445357, 2 
 87169267557, 4 
 87149367080, 7 
 37276768541, 2 
 77498502867, 2 
 53154737383, 8 
 20841391096, 2 
 14584657364, 7 
 43017002279, 4 
 93887130056, 6 
 49657807958, 5 
 16782960800, 10 
 77172001922, 10 
 65348908271, 1 
 56585622835, 10 
 84246488106, 1 
 10636639348, 13 
 70318326591, 10 
 21795049456, 10 
 85685997558, 6 
 70369296068, 10 
 44077272995, 3 
 19771266720, 7 
 68089446746, 6 
 62415289978, 10 
 98221025169, 10 
 97657223947, 12 
 96014507472, 5 
 33225728881, 7 
 77024443980, 6 
 29060413772, 8 
 81411223549, 3 
 49864955872, 4 
 30100206171, 1 
 92603885845, 1 
 66589125308, 10 
 10427238549, 1 
 49253040832, 1 
 27392289275, 7 
 74107623458, 9 
 77015198571, 6 
 25553882669, 1 
 73092052557, 2 
 71146254202, 18 
 59706497454, 4 
 91942855328, 6 
 61357154022, 9 
 69735620154, 1 
 82728852039, 6 
 13269539895, 7 
 54830273639, 6 
 60014608008, 9 
 52130636094, 4 
 91420578236, 3 
 94518200175, 5 
 43085438410, 1 
 21900036237, 14 
 23136944738, 6 
 13099544288, 1 
 31004465921, 8 
 49707608617, 6 
 50906743674, 1 
 70414870332, 2 
 22967205358, 24 
 39004761856, 17 
 55868667404, 6 
 38506433967, 5 
 82150768360, 5 
 64678138659, 12 
 53318950600, 9 
 64316876652, 7 
 23032790051, 8 
 81440396777, 2 
 20709274701, 8 
 79084373831, 4 
 38065747044, 4 
 83439769951, 9 
 79453518432, 5 
 28909389029, 1 
 85212488407, 13 
 31092369780, 7 
 91875214698, 3 
 55687634438, 10 
 89677524201, 7 
 97396848086, 5 
 68740664199, 2 
 55104629126, 7 
 72663218680, 8 
 59659117884, 1 
 95617815132, 10 
 94493847999, 4 
 96574588830, 6 
 85752584824, 10 
 83442717516, 5 
 41867303317, 16 
 16267592184, 8 
 20541059595, 14 
 82488027810, 6 
 81300638476, 5 
 31695624556, 10 
 26344147015, 4 
 63893311225, 7 
 57951212536, 7 
 87757740610, 4 
 39919498886, 3 
 62453509292, 7 
 54672860973, 5 
 75753488296, 4 
 53940516112, 2 
 40563085708, 9 
 67465214161, 10 
 26422308770, 12 
 25731302933, 8 
 91177221712, 9 
 73883745522, 3 
 95389556580, 11 
 42420073476, 5 
 92653935370, 7 
 64350784133, 4 
 21113166476, 14 
 83059984615, 2 
 28952727659, 7 
 92609189560, 7 
 24533627063, 4 
 55054465503, 7 
 99907623003, 5 
 33781936809, 5 
 10857655527, 4 
 16596055832, 9 
 34022924235, 4 
 47074349655, 6 
 75074190972, 5 
 50634314267, 20 
 88293727338, 21 
 89446504640, 1 
 71090955380, 2 
 72972407069, 6 
 74829652697, 2 
 60979945798, 4 
 45412456302, 5 
 64951480185, 2 
 21690673341, 3 
 98400010782, 3 
 19125875857, 8 
 87375993226, 5 
 24076590002, 3 
 87603596739, 7 
 63828843150, 8 
 79716397362, 2 
 96471612629, 3 
 46822505805, 1 
 22740492440, 9 
 18639076730, 10 
 12429871019, 6 
 13234621349, 16 
 96750417998, 2 
 50572930404, 6 
 63872222286, 8 
 39085058999, 2 
 63679666112, 10 
 85181200623, 10 
 57340173080, 11 
 11806365154, 16 
 41118901701, 3 
 84494320144, 7 
 26328837147, 8 
 71033684248, 4 
 65550805641, 18 
 98037259289, 24 
 66940843993, 1 
 30617050962, 10 
 25324593753, 7 
 56329325342, 4 
 77250784631, 10 
 71482408298, 5 
 28734831982, 14 
 46918787648, 22 
 67509705357, 4 
 44085654441, 2 
 65260918686, 1 
 12748942401, 4 
 96332467525, 10 
 78529792665, 7 
 61755364448, 8 
 29683031903, 26 
 30648419037, 7 
 54798187809, 9 
 43878129036, 7 
 17449292276, 5 
 20115293689, 1 
 23102548201, 8 
 43114020796, 8 
 92011338424, 6 
 13716653535, 7 
 78022214723, 3 
 97425098917, 9 
 83174121124, 10 
 53050315922, 1 
 99938607106, 8 
 62440802302, 10 
 53581523743, 6 
 40190320414, 7 
 32023974610, 11 
 96666808209, 8 
 69931786873, 7 
 90535758486, 5 
 64551484341, 7 
 38487530580, 8 
 42061172403, 6 
 50746595739, 5 
 85645088351, 2 
 53423261759, 2 
 68281438178, 1 
 96677603643, 7 
 22244624994, 8 
 87945380656, 15 
 45344355694, 3 
 35914136868, 12 
 36415034519, 9 
 55071431852, 10 
 12466026451, 2 
 48543740989, 11 
 69469425228, 2 
 80159773961, 14 
 41964010170, 7 
 86015722108, 19 
 19813017245, 10 
 76050392413, 7 
 82170105522, 2 
 58572942329, 5 
 17247455802, 1 
 29301776884, 3 
 20958134403, 26 
 68710647224, 2 
 95629716297, 30 
 49537258458, 3 
 80787169148, 2 
 19317857370, 1 
 67335318569, 7 
 97540140824, 3 
 88543748616, 6 
 70339475719, 10 
 55758767525, 7 
 99413941159, 8 
 76142864472, 6 
 22723327824, 1 
 14742071153, 2 
 98092317748, 2 
 50224820273, 2 
 71130231217, 10 
 78614256998, 13 
 98735779683, 2 
 22865737118, 6 
 14330893298, 3 
 69531953853, 18 
 17240409828, 10 
 71971444871, 2 
 56225826380, 4 
 95932235630, 8 
 39220678418, 7 
 31928707586, 19 
 28453638675, 6 
 97003320000, 3 
 16684981312, 2 
 37000031201, 5 
 80691396262, 7 
 66801901897, 7 
 58502862470, 11 
 61118519017, 8 
 67401904576, 5 
 89370668960, 6 
 22785485283, 17 
 38901519372, 10 
 47591194376, 6 
 54620256925, 16 
 19260291761, 16 
 25246675860, 6 
 95053974402, 7 
 39322336585, 1 
 27866941596, 11 
 52779406473, 7 
 89385639856, 8 
 68553935497, 2 
 14710053174, 7 
 25706703691, 9 
 42657921933, 1 
 43907375340, 8 
 60548941602, 5 
 46123636173, 9 
 48800779047, 6 
 36247884081, 1 
 46417463138, 17 
 15711206032, 3 
 39995773870, 1 
 29893947240, 14 
 67750402154, 2 
 23816341809, 4 
 32882619755, 1 
 43587586656, 5 
 34618634261, 2 
 31661518074, 11 
 14773511641, 14 
 52477650054, 3 
 87918536450, 9 
 85827989225, 5 
 95473457956, 1 
 80637581831, 9 
 56244847817, 4 
 89731089809, 2 
 21649274457, 17 
 73390340591, 8 
 39920759085, 10 
 31166914023, 1 
 98285269062, 6 
 31685751833, 5 
 14458104125, 14 
 32781300409, 3 
 30879134193, 6 
 11146518499, 13 
 24398743469, 4 
 17056974996, 4 
 51624120614, 1 
 93092343176, 9 
 59482781769, 6 
 77137263343, 1 
 59240390121, 9 
 15927760861, 8 
 31082667204, 15 
 70052863837, 5 
 98865103858, 5 
 77022882287, 17 
 72584467507, 1 
 30619720195, 10 
 17292437064, 10 
 71446648887, 9 
 87378195569, 16 
 67795095132, 10 
 63305837976, 4 
 92072758142, 13 
 22703894256, 2 
 17061535048, 4 
 78438710113, 1 
 62224207569, 5 
 67926352708, 9 
 23232257366, 1 
 49038423504, 6 
 40607795559, 9 
 51730475381, 6 
 39150063600, 4 
 66923403837, 1 
 86155092853, 9 
 59777341085, 10 
 52227575512, 13 
 84255264718, 8 
 23921305232, 5 
 51588480066, 9 
 20349775909, 9 
 40144444470, 6 
 82431552812, 7 
 45421026301, 8 
 29292432607, 7 
 22550446903, 5 
 50872988970, 5 
 99035181014, 7 
 20139024438, 8 
 45154461269, 8 
 69712368484, 5 
 50890381466, 2 
 60128435204, 2 
 41695336166, 18 
 40977798941, 5 
 73796807924, 10 
 23238237860, 10 
 11639407260, 4 
 95423894904, 9 
 79991160022, 10 
 35690930497, 6 
 57846399354, 18 
 57053225708, 2 
 33155334239, 5 
 62852241935, 2 
 32196089980, 9 
 93561569913, 6 
 55320761448, 2 
 29672050562, 12 
 53036163817, 6 
 67668024417, 6 
 57917127122, 15 
 29279475778, 6 
 44076105762, 8 
 73263044395, 12 
 12310494172, 11 
 45063799415, 7 
 75026701064, 4 
 96483720138, 3 
 69484336783, 4 
 61201029256, 12 
 24226661346, 9 
 24629406037, 21 
 72995654043, 5 
 28391902382, 2 
 51023095120, 3 
 94020060391, 5 
 33933366375, 5 
 48744797971, 5 
 44361793082, 10 
 75527673163, 6 
 47825206655, 8 
 38577230264, 5 
 61263880552, 10 
 26084161171, 2 
 59691796810, 12 
 43443969779, 4 
 89682950412, 4 
 59337202775, 5 
 29087955632, 7 
 36132349861, 3 
 75819589453, 2 
 63016238167, 17 
 83585262691, 3 
 20506897676, 9 
 13716007213, 10 
 31921004463, 4 
 55241556515, 2 
 69776836189, 2 
 82679988343, 1 
 82557458193, 2 
 29092181368, 9 
 34159858417, 5 
 49159580430, 9 
 27758977572, 9 
 13902661362, 6 
 90695071194, 10 
 29513857657, 1 
 76520555740, 7 
 48339922946, 3 
 13891825924, 5 
 43064201119, 3 
 77506225033, 5 
 80496383272, 9 
 71152357674, 10 
 62795691619, 10 
 42616665394, 1 
 42000788876, 2 
 76012290577, 16 
 67387166665, 1 
 59438114349, 7 
 39854569828, 5 
 57233789301, 2 
 30869906868, 8 
 22454677038, 8 
 15356398211, 4 
 17518780598, 3 
 58056672136, 9 
 14016979892, 3 
 13370206181, 8 
 93868087173, 7 
 85517221065, 19 
 66229044611, 8 
 10344485450, 5 
 21520352635, 3 
 39139443103, 7 
 99372747770, 7 
 74285005985, 7 
 17465684106, 3 
 48262302534, 9 
 36299749687, 10 
 25621342554, 9 
 42053879929, 1 
 54867397517, 6 
 16080242043, 6 
 74854925356, 11 
 60761177851, 10 
 53975320816, 8 
 32537338044, 1 
 94019033556, 2 
 40940554776, 5 
 47510972565, 2 
 58898336013, 6 
 53373065572, 10 
 29599167124, 2 
 31423370962, 14 
 81028697040, 2 
 99515681317, 7 
 88615463795, 1 
 43891324006, 2 
 41949034421, 1 
 22366919940, 8 
 43758912573, 7 
 27295216126, 4 
 50026397718, 7 
 89831094293, 7 
 43117224056, 7 
 73337596583, 10 
 72936174607, 6 
 58991261631, 2 
 20989468988, 5 
 84754007881, 6 
 93472012257, 1 
 16398510869, 9 
 32300723417, 3 
 71286314710, 5 
 18165115171, 4 
 63555447722, 10 
 32581790522, 3 
 30505065843, 2 
 88683947688, 9 
 47394259343, 5 
 75221578552, 5 
 49076289687, 7 
 54310611013, 1 
 47578927052, 13 
 81767284153, 9 
 76403304932, 10 
 80835862053, 5 
 41658635726, 1 
 98952562576, 5 
 55515475641, 4 
 36340480056, 2 
 11314477547, 4 
 43975817245, 1 
 32425436834, 6 
 11595422999, 8 
 44471149041, 12 
 87539816973, 2 
 34176558066, 10 
 44848942163, 3 
 56680196658, 1 
 16317262050, 7 
 37167327442, 24 
 79200164085, 6 
 36891952338, 3 
 34937087005, 3 
 12729643841, 2 
 93780721061, 6 
 91654183069, 5 
 21151747264, 10 
 46199535556, 5 
 32694297818, 6 
 75767997612, 8 
 68604322995, 3 
 57385964102, 5 
 94232837443, 4 
 51345071359, 13 
 22990109407, 8 
 46152823279, 8 
 68523296108, 10 
 58128671318, 6 
 74963477854, 3 
 95834220547, 2 
 56183885343, 4 
 91370081929, 7 
 34108187121, 2 
 72546737637, 2 
 15572411319, 3 
 80414461129, 8 
 91611749947, 1 
 94511880941, 18 
 10481426541, 7 
 63558974163, 1 
 34750131768, 2 
 16829097135, 10 
 94579287047, 2 
 24154850894, 7 
 43162565303, 7 
 22633100530, 9 
 62263345625, 12 
 83383717881, 14 
 97524385092, 9 
 56163335060, 11 
 91779915476, 9 
 95981799201, 14 
 94594862088, 8 
 79730431505, 1 
 93513489988, 7 
 19886106077, 5 
 55281180809, 1 
 12391123829, 7 
 12319620083, 11 
 11176671679, 12 
 14638425546, 3 
 50792376079, 1 
 10875980256, 10 
 71440122880, 5 
 81997728972, 2 
 47509504430, 3 
 13083314734, 3 
 92072027300, 6 
 50567855953, 11 
 16056551319, 5 
 47307672586, 7 
 90041275061, 8 
 30248610606, 16 
 88164837998, 6 
 39870353164, 8 
 18598274527, 4 
 46729258682, 9 
 55135677948, 19 
 42040211165, 8 
 72662596080, 2 
 69449642724, 3 
 78160410569, 26 
 69632881900, 10 
 16122266006, 8 
 40532888721, 9 
 94143522498, 22 
 59146861686, 11 
 31293066233, 8 
 18234648469, 4 
 10313745722, 4 
 49742858958, 6 
 40379412115, 15 
 98753303387, 5 
 20353304441, 6 
 84332839478, 4 
 51194083217, 7 
 34015880600, 7 
 39101751162, 7 
 65257926015, 10 
 13198907362, 5 
 21321456847, 8 
 75266463741, 11 
 56016384657, 2 
 48357726610, 12 
 44584992309, 1 
 18986557492, 9 
 87523953461, 1 
 46945974724, 7 
 53980156717, 7 
 76578201816, 12 
 93081453007, 13 
 94915886309, 2 
 84543637176, 13 
 34149857942, 9 
 53559332561, 7 
 70939668545, 8 
 59920279798, 3 
 26769272552, 3 
 83759318655, 10 
 92582046478, 9 
 45256315935, 10 
 63071144253, 5 
 94215212844, 3 
 96630359483, 4 
 87685129496, 7 
 41888437455, 3 
 66226832300, 1 
 83295197420, 2 
 78209527148, 2 
 12373221928, 5 
 47626897318, 8 
 45860301646, 1 
 70490058280, 7 
 28253348142, 1 
 29879409221, 5 
 48138570006, 6 
 50256904569, 8 
 63830456152, 10 
 99258643933, 2 
 33008566094, 5 
 73503364728, 18 
 59717636560, 5 
 50835873304, 4 
 96514360223, 13 
 52279537142, 7 
 90268511706, 9 
 38238254732, 6 
 43900762291, 14 
 71356420673, 6 
 76822378358, 3 
 51349489620, 19 
 18114419824, 7 
 50037963286, 8 
 18059608461, 17 
 91949759010, 8 
 57193890361, 1 
 21214318247, 6 
 54578295291, 12 
 69194997090, 17 
 31801694041, 2 
 66593581423, 7 
 91242467618, 6 
 36992496329, 1 
 89883059977, 9 
 51462658492, 7 
 41296778088, 7 
 35924614560, 1 
 72886443750, 7 
 22266509503, 14 
 83958838985, 7 
 75494123492, 10 
 79355899669, 3 
 11540975566, 9 
 34526833212, 5 
 61004766236, 8 
 64075118858, 4 
 73558185471, 3 
 65965262370, 10 
 90647871690, 5 
 77975633215, 1 
 65590854235, 5 
 86280047314, 1 
 96025464461, 2 
 37698853337, 8 
 52932428615, 10 
 10580486968, 7 
 59559555113, 6 
 93990829799, 7 
 71544053128, 6 
 23226594554, 8 
 67898569896, 10 
 36801649798, 6 
 46242193772, 6 
 65070756696, 13 
 29826208717, 8 
 76655414934, 13 
 89028945771, 6 
 46307191377, 3 
 60351609870, 5 
 42557682272, 7 
 35720235383, 6 
 66369339977, 6 
 67474055529, 8 
 92074303191, 5 
 25550243753, 6 
 79800166488, 8 
 69063863455, 8 
 54978254992, 5 
 52387504758, 6 
 21200518971, 5 
 31849548792, 5 
 51366086414, 4 
 21094759005, 1 
 10967780559, 4 
 93176329627, 14 
 60080057130, 3 
 47465179230, 13 
 85357959004, 2 
 92222103901, 27 
 99910631971, 7 
 94196881473, 21 
 12857681180, 6 
 40902599161, 5 
 84082643073, 6 
 92439179690, 9 
 17996610664, 11 
 32111073573, 17 
 91449769785, 6 
 58147453254, 12 
 75969896863, 1 
 98984823393, 6 
 72353390243, 5 
 27738107131, 13 
 41710251624, 1 
 63755704403, 10 
 15241653619, 11 
 37819682818, 16 
 46326856450, 2 
 54521074888, 1 
 34790148283, 1 
 11883862487, 1 
 24355169344, 3 
 83999906281, 6 
 71069920672, 12 
 43327774360, 7 
 37506085486, 3 
 76277939598, 7 
 12883697596, 1 
 94766953964, 8 
 44052912346, 7 
 61900712393, 10 
 83422208069, 4 
 55517429158, 5 
 33324728785, 8 
 75150825286, 8 
 36482011207, 5 
 63256616847, 7 
 95612980931, 4 
 73205380300, 1 
 38669836628, 11 
 22158804501, 7 
 57526570822, 1 
 38000397745, 5 
 15885569420, 12 
 44697325748, 4 
 37486551929, 7 
 61240458620, 3 
 67433361418, 2 
 12876524902, 4 
 38808545295, 3 
 87229446024, 3 
 23757545071, 13 
 73197821987, 4 
 33753321401, 9 
 22639497431, 3 
 83980939210, 2 
 64218808820, 8 
 93669317269, 13 
 50797805184, 3 
 25183099291, 31 
 20478561861, 16 
 50433537571, 8 
 42430399636, 12 
 14536438848, 15 
 73113423560, 6 
 38117896979, 6 
 85858273394, 8 
 62529019598, 8 
 41546851619, 1 
 34881733730, 10 
 75518269709, 2 
 29797055465, 9 
 25351947671, 6 
 88104419477, 5 
 97353996117, 2 
 86214880670, 6 
 45118850790, 2 
 35354146284, 7 
 41494489517, 3 
 83106267751, 7 
 94862023798, 10 
 26882535407, 13 
 81850047975, 10 
 41632909920, 8 
 41822763690, 7 
 47043761873, 5 
 68510241508, 1 
 40588202839, 6 
 47237047276, 7 
 41742807572, 8 
 93954754309, 8 
 75862695198, 12 
 17675942863, 8 
 63806764866, 10 
 56184643286, 10 
 30168916679, 7 
 56618890934, 1 
 83906446309, 10 
 96120306511, 2 
 77518162259, 19 
 51102116497, 5 
 14260343048, 9 
 60284455705, 4 
 77911226809, 6 
 18889381932, 2 
 40990110481, 4 
 91054929202, 17 
 58090650585, 2 
 71755691752, 5 
 34690589994, 7 
 63813934663, 6 
 19651461919, 5 
 26041791450, 1 
 84603833739, 12 
 25602136039, 8 
 73271027094, 5 
 36830625846, 5 
 84282304631, 6 
 25739357812, 5 
 90570716299, 12 
 48917666264, 9 
 11321390932, 4 
 59807485608, 22 
 23030062238, 12 
 29860371028, 8 
 80750489882, 2 
 91661434278, 1 
 13958668330, 8 
 55049607402, 3 
 88466527059, 9 
 92069272405, 7 
 97793949242, 23 
 57781434887, 6 
 43635290508, 9 
 45850191570, 6 
 93507270895, 9 
 99606133093, 6 
 48741173513, 7 
 12120382571, 3 
 28175859414, 13 
 58892193474, 1 
 16745654801, 5 
 62546827400, 6 
 29006131079, 8 
 31044127787, 16 
 78497829863, 20 
 25099991488, 10 
 25020328456, 3 
 47893598513, 7 
 15420252820, 2 
 91268320734, 10 
 54544214941, 9 
 12641921330, 4 
 76406140629, 10 
 77234598438, 6 
 93349318701, 6 
 89178797974, 13 
 71025386973, 1 
 45625925489, 10 
 38559013511, 12 
 81439368110, 2 
 20767276210, 15 
 61450053364, 4 
 26886842005, 6 
 93645471003, 1 
 56565288819, 10 
 21458399392, 6 
 77902282676, 9 
 42686934527, 2 
 29117185466, 1 
 71675493717, 4 
 16777592696, 2 
 81894613652, 8 
 54962375898, 17 
 42979324166, 5 
 66443762439, 1 
 13282189962, 10 
 17221785791, 10 
 56854290314, 4 
 61905167697, 5 
 82252068873, 3 
 13820901593, 5 
 50461530752, 17 
 40384412029, 3 
 38238207950, 6 
 47214787094, 10 
 85632169275, 15 
 57957925698, 9 
 34797406887, 24 
 47788296059, 9 
 26729173403, 17 
 37110918565, 6 
 74216192742, 4 
 13845715462, 7 
 68486748335, 10 
 85771223401, 5 
 68348063795, 4 
 92674806807, 17 
 47436833458, 1 
 40459661667, 10 
 84046408607, 9 
 97148926324, 10 
 54502895599, 9 
 29968857988, 18 
 21631601498, 6 
 82890410058, 9 
 60056240211, 7 
 10261768508, 2 
 79808959364, 3 
 69595217784, 6 
 89950807976, 18 
 88612575760, 7 
 24092603851, 17 
 45198770362, 9 
 22695105396, 9 
 64679148569, 2 
 52695195629, 17 
 85085939030, 1 
 55885454098, 3 
 45019377462, 6 
 10581463147, 3 
 61400351850, 1 
 22069382537, 17 
 16861993251, 5 
 39293628375, 7 
 97827943964, 15 
 74233268720, 8 
 62891731987, 11 
 93667641180, 3 
 22703857243, 10 
 90805851729, 10 
 76289069585, 10 
 81546125995, 16 
 82115174029, 3 
 90515177865, 20 
 89838028921, 23 
 54719532841, 1 
 26566192870, 14 
 75346258786, 3 
 28684550119, 16 
 91757794105, 23 
 72505855049, 9 
 69560629342, 14 
 50747957942, 9 
 78803001010, 13 
 20311689747, 14 
 82529736984, 9 
 29386270731, 9 
 13684495064, 5 
 34270215419, 6 
 89884370430, 4 
 52179494667, 16 
 73283142075, 17 
 38148160252, 8 
 64020557075, 7 
 53433685991, 7 
 22300554179, 6 
 45250546015, 14 
 71171131988, 10 
 53288644960, 3 
 78222067326, 5 
 27308926428, 2 
 22443867661, 3 
 85271994290, 8 
 89024109032, 2 
 44306465586, 7 
 16140259750, 18 
 26428027511, 5 
 70366784809, 11 
 69550238948, 13 
 42476262226, 2 
 98943767259, 7 
 15653528864, 3 
 51911118370, 16 
 42330947568, 4 
 35898941231, 21 
 77486820204, 5 
 53617057844, 8 
 19026149002, 4 
 89219557738, 8 
 25953864531, 11 
 25921546922, 3 
 83653189686, 8 
 12257031498, 12 
 28658729950, 5 
 41540620740, 5 
 93211931167, 9 
 90133621027, 10 
 68106954504, 3 
 10538551114, 10 
 77248811655, 2 
 49627110907, 7 
 57447856594, 10 
 75863425517, 6 
 92193770429, 9 
 97387812670, 5 
 87685753919, 9 
 42824968273, 7 
 19101271405, 3 
 20651126736, 3 
 90632511947, 3 
 61111727081, 5 
 63587193285, 1 
 74389536842, 10 
 83217028054, 9 
 46031664040, 7 
 32333260547, 9 
 63525234454, 3 
 38559888538, 3 
 27025128949, 2 
 94496256285, 9 
 81120318072, 4 
 90724017878, 8 
 91720399401, 2 
 70643856429, 8 
 36658187612, 7 
 11657672104, 3 
 21473818286, 4 
 21316838445, 8 
 64778736309, 1 
 75162874147, 10 
 76685302606, 7 
 40142446362, 8 
 71412546529, 7 
 67026488885, 3 
 59796224145, 8 
 76282760467, 8 
 13718152040, 5 
 61407779246, 2 
 44860574481, 10 
 14892873434, 5 
 96151403064, 14 
 89155529725, 3 
 70528789697, 3 
 68002628099, 1 
 67889712417, 6 
 46413744347, 16 
 96296740671, 5 
 39656518698, 1 
 18246611520, 4 
 17460845254, 5 
 78722276125, 6 
 75970405195, 10 
 44069587100, 12 
 68572746704, 9 
 19835023632, 15 
 84491974328, 7 
 29491189313, 4 
 97946099894, 5 
 80699832454, 22 
 81798753837, 10 
 29396037883, 10 
 31961827440, 2 
 57496031303, 3 
 26569535959, 4 
 48928154669, 2 
 33461296524, 6 
 86251301952, 6 
 67581947583, 8 
 28714028523, 14 
 59119896540, 7 
 30629982945, 9 
 74339276194, 10 
 26713774326, 10 
 63679484605, 8 
 30214180293, 5 
 96374181953, 3 
 40470760241, 10 
 68501951509, 23 
 68691920976, 3 
 16118379146, 4 
 39674291990, 4 
 13386183063, 3 
 34202888476, 10 
 29595262232, 3 
 20131006044, 2 
 80701883104, 7 
 86937819903, 6 
 61281570955, 10 
 39529975296, 10 
 22711288220, 2 
 56347453879, 10 
 52497738802, 7 
 50165901843, 17 
 98216653544, 4 
 76577125711, 9 
 87717608991, 4 
 84318933698, 1 
 60854902282, 2 
 27549518663, 5 
 94604333572, 8 
 66394463055, 7 
 74635783893, 4 
 73234180941, 2 
 27918690895, 7 
 76719548151, 12 
 35874659381, 10 
 34060689956, 9 
 54962593198, 11 
 89012159942, 11 
 92435563281, 20 
 92841964511, 5 
 25926186729, 7 
 84732859656, 8 
 96116126744, 4 
 15947222086, 6 
 75866262911, 13 
 62834287888, 10 
 18325172836, 6 
 10486379767, 10 
 51327474946, 6 
 49333981871, 7 
 39727349205, 1 
 73750572943, 1 
 23720336072, 6 
 43684597644, 1 
 32497847096, 6 
 78062327899, 6 
 77261173687, 8 
 95078895242, 5 
 83299539485, 10 
 85000524611, 8 
 12646060982, 8 
 46294979293, 3 
 96102020788, 5 
 96449640483, 13 
 70118941721, 9 
 74883844605, 1 
 95184017128, 8 
 85607915091, 5 
 46152015816, 12 
 57028601280, 7 
 26341759940, 9 
 65914827700, 5 
 91818366946, 1 
 21872339837, 16 
 75461266322, 7 
 90035889490, 14 
 67713077697, 3 
 44158945429, 8 
 71635463193, 2 
 49733217376, 9 
 64060203292, 2 
 49130492105, 3 
 48641230411, 5 
 81356690046, 7 
 63933610851, 7 
 86217439298, 12 
 93030827286, 13 
 54368571276, 3 
 34496362560, 4 
 20741205464, 7 
 55742603033, 13 
 97846337076, 9 
 94206993838, 9 
 15607531417, 2 
 95920146701, 3 
 12826876593, 8 
 15413363225, 17 
 12661391903, 10 
 49293191392, 15 
 86963320508, 4 
 49682217278, 4 
 48511367597, 3 
 15482309116, 7 
 46417350613, 12 
 28022758641, 6 
 55193266787, 9 
 37743016552, 3 
 69739417852, 9 
 74456399122, 9 
 48580624254, 3 
 45278182628, 2 
 43454322791, 7 
 20240495266, 3 
 69287223189, 10 
 42938247062, 2 
 72473249649, 8 
 89889344534, 10 
 46065846110, 13 
 76379863035, 2 
 56450633299, 10 
 30026387005, 18 
 70148447487, 3 
 20493332458, 10 
 94769602981, 7 
 52110669143, 28 
 32861366439, 5 
 62195946564, 23 
 61479561667, 9 
 27983810829, 6 
 93033917085, 9 
 13883923843, 5 
 37589970811, 18 
 38531374786, 1 
 49769875884, 7 
 25360778550, 1 
 26926000418, 27 
 39796042868, 8 
 15146130274, 5 
 99289643389, 2 
 16375590612, 9 
 49000813719, 2 
 46009249586, 15 
 21136245496, 15 
 47023331269, 4 
 99579760733, 5 
 39154335819, 1 
 48264899967, 2 
 95297137839, 1 
 65861467875, 4 
 72187332248, 3 
 35091379128, 10 
 19142479292, 8 
 92136341426, 2 
 85054499094, 9 
 11912335679, 1 
 93665620420, 9 
 48168922869, 13 
 57106484903, 9 
 10451129269, 6 
 68718861533, 6 
 63983199570, 10 
 11627803510, 8 
 17112700777, 2 
 62677253985, 3 
 46970870880, 8 
 78063083360, 3 
 72068791137, 1 
 31784054838, 9 
 28510113487, 11 
 49436345527, 3 
 50084188724, 10 
 13975341569, 4 
 94874652615, 18 
 83467262105, 6 
 55801444399, 2 
 10231156269, 7 
 58806580049, 7 
 66738700014, 12 
 80914608073, 6 
 33779563366, 8 
 52758945322, 5 
 32448624123, 4 
 61068115347, 6 
 66545921160, 24 
 68793283515, 1 
 22554756808, 6 
 85783493720, 9 
 53878250294, 6 
 64294117691, 2 
 50669886592, 1 
 93680433213, 3 
 33018147815, 7 
 14692367451, 9 
 72927652993, 8 
 39550497258, 21 
 91760178979, 27 
 99048424078, 9 
 11693392898, 1 
 75428863929, 8 
 29158897454, 4 
 58121386314, 9 
 88344845253, 14 
 38586302261, 4 
 48740826778, 6 
 25580731731, 10 
 26357464849, 12 
 99803961552, 10 
 15757741048, 5 
 95348555364, 3 
 29948017865, 12 
 45073371085, 6 
 37075338467, 3 
 34366911555, 6 
 48361005936, 9 
 42973265370, 9 
 34154162742, 1 
 98153066492, 3 
 15460299594, 6 
 65954395374, 11 
 59498610446, 1 
 63055850177, 10 
 96300718241, 6 
 28033916965, 11 
 51822798006, 7 
 84489301652, 9 
 50950188248, 6 
 71605473698, 17 
 15050619056, 15 
 43030441588, 17 
 50845470462, 8 
 61141629347, 7 
 58944356958, 8 
 54648466303, 7 
 79318017482, 7 
 90982101793, 10 
 59672970666, 6 
 38845003835, 1 
 87967973294, 2 
 52265964138, 10 
 27157581093, 10 
 44297229120, 9 
 23811149466, 7 
 22353987393, 8 
 47696308713, 5 
 15685492348, 15 
 32096702271, 1 
 51209271426, 9 
 48552953983, 10 
 80748885280, 4 
 75643798325, 7 
 34848363254, 10 
 85777137255, 1 
 30970649811, 11 
 20612650615, 8 
 26693287842, 3 
 83642911338, 7 
 94718551897, 4 
 54700453014, 8 
 75286148994, 1 
 82207130967, 5 
 98865854838, 1 
 84982441856, 17 
 11161746355, 17 
 89759137582, 4 
 39400863816, 16 
 42410284947, 12 
 90642527667, 9 
 44829180381, 3 
 36859759926, 4 
 80158917850, 5 
 41276358583, 7 
 39890990623, 15 
 99919162954, 6 
 80578007902, 6 
 84994668235, 2 
 34974155472, 7 
 25879711412, 1 
 79832744890, 3 
 67454996720, 6 
 45772120354, 16 
 77772533527, 10 
 61263619662, 20 
 17288548619, 10 
 99992749308, 1 
 58150857058, 4 
 52905551162, 13 
 94891187327, 22 
 54134542166, 3 
 80245157757, 9 
 44829064448, 2 
 48848432922, 10 
 93552499188, 5 
 73199138979, 5 
 24048436813, 12 
 28167851228, 13 
 17880804650, 18 
 74924153753, 10 
 47401242403, 3 
 85367879711, 7 
 70615669344, 8 
 31638805065, 6 
 16259608150, 10 
 67984973068, 7 
 10661853289, 9 
 43827075813, 3 
 45251301153, 10 
 78191486772, 14 
 78427673920, 2 
 93704454779, 3 
 92221759308, 6 
 37997369338, 7 
 52737626031, 9 
 48516987757, 7 
 34364570784, 3 
 46296947727, 4 
 98575267277, 3 
 17282387127, 5 
 94978749867, 10 
 11515069965, 10 
 97769113332, 6 
 33209497866, 6 
 61437479569, 7 
 99585039007, 16 
 59995548677, 3 
 49501773051, 15 
 62137891102, 7 
 39651008714, 10 
 65220396742, 14 
 54200115994, 3 
 78998163214, 5 
 73402294786, 7 
 98292839952, 9 
 89104943839, 2 
 78336904634, 12 
 83159822996, 9 
 73945053988, 7 
 70807711663, 5 
 77045606561, 4 
 26634205117, 8 
 50616145868, 7 
 50371843390, 7 
 29357591097, 10 
 89964508308, 2 
 67923560054, 7 
 11280687530, 9 
 24395729915, 3 
 61509946819, 1 
 20315114794, 8 
 54231854317, 3 
 47349166709, 9 
 95054068645, 9 
 58856134441, 3 
 78955571915, 1 
 47170604947, 5 
 19426162380, 5 
 48195867349, 3 
 98171338438, 8 
 79815185460, 10 
 34774857531, 11 
 89165174817, 1 
 25592792120, 16 
 70629431368, 8 
 10716513231, 18 
 89246609632, 2 
 79321289092, 10 
 53314553079, 1 
 77488812137, 13 
 96803093976, 8 
 54178026764, 10 
 46495558766, 5 
 45394130689, 21 
 94840846484, 1 
 55706114476, 14 
 41848149164, 4 
 57376676656, 16 
 28656024746, 16 
 45456178171, 8 
 86781657972, 8 
 43795015231, 1 
 92532283153, 2 
 24537547683, 7 
 87064494767, 8 
 72575190027, 1 
 78721998850, 10 
 83870868701, 2 
 96234621331, 13 
 67064111447, 9 
 13655144157, 6 
 79492959382, 4 
 11762222758, 9 
 76178913089, 4 
 47044608201, 4 
 71437523547, 10 
 37685607162, 5 
 89102542199, 7 
 11495515405, 2 
 87392426617, 12 
 11062852306, 3 
 42617135140, 2 
 79359554021, 6 
 77390032609, 8 
 77167076113, 7 
 91720947183, 9 
 76372504873, 1 
 83603226857, 9 
 36651305667, 1 
 21472563178, 7 
 55299740930, 7 
 53892231754, 3 
 45858961946, 6 
 13335735868, 7 
 33191283316, 6 
 27548540470, 3 
 83055303143, 7 
 82484890677, 17 
 39217490697, 15 
 14290632134, 19 
 49775909922, 1 
 57442350118, 3 
 74677303765, 8 
 24321904403, 8 
 39553184473, 3 
 13951081366, 5 
 68985010145, 1 
 77027744443, 9 
 15951953603, 7 
 95055436709, 9 
 65766881594, 24 
 61279144036, 10 
 60047594697, 6 
 87435233980, 12 
 93758350873, 4 
 39437827769, 4 
 64251821058, 5 
 45452424397, 6 
 93206688551, 4 
 36775731079, 8 
 76397940448, 1 
 14149524145, 4 
 49904213833, 8 
 94738328611, 5 
 22816971610, 10 
 12800636576, 2 
 95696509322, 13 
 21933417290, 10 
 81843106631, 4 
 18906629569, 2 
 65225606246, 9 
 73208391599, 10 
 41767761095, 9 
 77829342170, 9 
 92144938049, 8 
 73954978870, 5 
 59467066521, 11 
 22385455109, 3 
 74031362399, 8 
 39143639301, 10 
 70245480722, 3 
 61465650837, 4 
 79732969788, 9 
 92908092375, 7 
 36073885019, 7 
 76425284206, 5 
 27324471047, 7 
 74760474343, 2 
 22827252225, 1 
 48372321909, 6 
 30571882562, 12 
 87926492738, 6 
 57381668908, 15 
 50011533000, 5 
 47399111001, 10 
 73484602785, 7 
 35814083386, 6 
 25884973861, 1 
 53759945957, 9 
 67654558895, 5 
 70282711858, 5 
 30786915571, 18 
 79925167643, 9 
 78291370538, 5 
 43565307416, 6 
 71243129896, 8 
 98906334636, 4 
 46883573973, 4 
 54412491602, 3 
 88780696654, 10 
 94842793743, 7 
 61888437130, 3 
 80238297532, 6 
 58156711434, 8 
 61483555699, 7 
 74544058908, 1 
 51718060245, 1 
 11014963172, 8 
 67087892318, 1 
 83922377242, 15 
 88827170650, 11 
 49303566946, 6 
 21788470485, 10 
 41356609317, 5 
 33420672754, 5 
 25529945517, 2 
 30781778474, 6 
 84940499231, 4 
 62105975578, 10 
 74386880601, 1 
 79384689361, 2 
 81459236963, 18 
 22710047562, 12 
 65778143742, 12 
 84194022111, 9 
 68348240417, 4 
 54952899541, 9 
 31413143159, 5 
 50377792836, 2 
 26016276789, 19 
 80757847115, 4 
 97667843604, 3 
 36314732158, 13 
 99792191527, 2 
 96083655333, 3 
 18228892332, 3 
 12340018734, 10 
 15892725657, 21 
 24417150103, 9 
 62974550972, 7 
 64587712668, 12 
 65407197723, 6 
 42274981311, 5 
 17679903489, 11 
 27212227292, 8 
 26782928001, 3 
 45559613809, 3 
 75807806304, 5 
 68793320037, 6 
 96384581403, 6 
 88168839895, 2 
 20641507948, 2 
 94077522419, 7 
 92355784523, 11 
 43846114299, 10 
 96663813924, 10 
 51876349480, 14 
 18816557539, 8 
 86305628460, 10 
 23509417161, 6 
 15149167700, 8 
 23846748151, 5 
 33470792748, 5 
 95911709038, 15 
 58974453010, 4 
 86341951570, 4 
 21682934403, 10 
 13564862915, 9 
 24873696966, 4 
 31863316994, 10 
 65295097532, 6 
 50018488588, 1 
 20002884531, 10 
 52675574032, 4 
 27309094620, 4 
 10206431360, 9 
 24342442830, 6 
 28671414767, 16 
 79656987664, 2 
 50870722055, 2 
 78788786633, 11 
 33960545839, 12 
 51725324477, 12 
 67157084572, 20 
 89679187421, 10 
 79581623607, 10 
 23250544514, 9 
 49802535993, 2 
 73985819057, 5 
 34654981090, 9 
 65402370748, 9 
 40219479195, 2 
 24733232052, 17 
 57383101998, 4 
 69992164526, 5 
 92958651655, 10 
 87152217336, 8 
 55624870755, 10 
 54679531275, 4 
 43927927954, 5 
 41569203993, 5 
 49781950785, 2 
 19782098731, 7 
 83498944125, 1 
 76121838777, 10 
 58791383292, 9 
 33862726050, 17 
 46319600457, 10 
 75310171133, 2 
 68894332385, 7 
 24331092092, 1 
 81903064929, 2 
 61939468630, 5 
 83864674169, 9 
 76357204715, 1 
 39518733494, 5 
 12926602921, 10 
 58779851610, 15 
 69020665993, 9 
 43775339807, 8 
 96557460972, 5 
 85146328147, 2 
 69332022682, 5 
 62672049253, 6 
 81269127116, 7 
 36916466040, 12 
 69084525040, 6 
 25820931131, 16 
 86516026326, 9 
 71713183591, 1 
 87595278726, 2 
 90016586510, 5 
 24422092250, 9 
 18376409843, 2 
 44977821727, 8 
 43626939870, 2 
 75017702217, 6 
 41777482173, 8 
 70704895197, 4 
 79205756095, 6 
 85523096826, 9 
 68862442375, 4 
 14327109886, 8 
 48000729943, 8 
 11957916435, 10 
 82333102571, 12 
 74681743221, 1 
 91415450055, 1 
 78560936189, 4 
 12132055878, 10 
 88498230834, 9 
 49888733521, 3 
 20291189674, 4 
 30435784176, 5 
 20027788119, 17 
 45859484489, 11 
 63188015047, 7 
 20812731555, 3 
 79554253956, 2 
 90935696745, 7 
 94750386764, 3 
 23792483873, 5 
 69122045601, 9 
 92629578299, 10 
 22885043013, 9 
 34515688215, 5 
 90311890037, 10 
 21759562081, 12 
 46869358634, 10 
 87087120611, 3 
 73784660291, 8 
 14905794880, 4 
 66969854685, 7 
 85211223386, 10 
 34950675493, 8 
 36850819922, 1 
 12554733148, 7 
 31508004277, 10 
 91550679962, 11 
 96018512356, 5 
 87917810457, 1 
 19662027208, 4 
 85769817969, 8 
 54889646708, 7 
 18923849768, 4 
 27536044639, 5 
 66898175841, 4 
 44689441999, 9 
 48705455115, 2 
 47937197815, 1 
 11698850642, 9 
 49701781985, 1 
 39130709300, 5 
 27530350279, 1 
 57520298534, 7 
 31001846877, 11 
 60057502242, 11 
 17982694578, 5 
 36487300281, 17 
 13706385519, 8 
 16999413317, 4 
 18772843788, 21 
 43363293245, 6 
 31359603150, 3 
 13969614467, 10 
 44139904450, 10 
 77334647244, 5 
 96799088147, 14 
 52477367830, 9 
 74032744837, 18 
 73065828804, 4 
 32925572988, 1 
 20856058586, 7 
 74210546454, 2 
 86534590870, 12 
 79327597570, 5 
 67401673380, 3 
 41744577765, 10 
 54480970586, 10 
 13014616471, 8 
 73064115078, 1 
 80432348900, 4 
 61927747637, 6 
 82936437037, 4 
 32648624133, 2 
 74063085987, 5 
 76861495817, 6 
 47591205780, 20 
 10863463390, 6 
 30448207915, 5 
 67780099729, 7 
 16380975381, 1 
 31845951358, 9 
 81434253625, 8 
 19479994571, 7 
 63362710500, 2 
 59357324108, 1 
 62131764808, 4 
 55968607427, 8 
 73496692478, 7 
 35220310002, 5 
 40666841398, 1 
 35966325649, 19 
 54980524983, 8 
 23027216827, 10 
 34600974745, 7 
 28888453033, 2 
 58158327823, 9 
 23507328895, 13 
 65984690830, 1 
 82897485163, 19 
 65604676766, 11 
 42950598984, 9 
 62790853942, 3 
 18523617544, 9 
 91870217498, 9 
 66920008411, 4 
 85589322648, 6 
 48073239921, 14 
 49711997502, 3 
 39255361678, 6 
 67728447391, 14 
 68662192879, 9 
 94809609752, 5 
 55242641638, 7 
 64658863509, 7 
 85463688939, 14 
 48971358942, 14 
 17567060895, 10 
 63488585566, 5 
 55599671855, 10 
 67466755285, 10 
 97026281883, 3 
 47123006910, 8 
 96075031427, 5 
 13567942298, 5 
 73565356321, 5 
 91098919571, 8 
 96930709767, 9 
 38720365589, 3 
 82123716564, 5 
 76736916463, 5 
 87078161911, 5 
 31947203734, 2 
 27814900652, 4 
 98881695995, 9 
 31799135017, 18 
 37326583162, 3 
 29542962668, 3 
 80099708932, 4 
 18125345322, 5 
 37220459877, 10 
 90742068768, 9 
 91601336496, 13 
 55869616602, 1 
 38114229805, 7 
 65249680295, 4 
 15289819483, 7 
 23661230308, 8 
 99037978779, 3 
 71447330342, 9 
 47777273921, 8 
 17775623990, 10 
 84487380939, 1 
 97430765105, 20 
 68306516518, 9 
 17855291823, 11 
 75252614479, 6 
 30033483575, 10 
 67861655118, 9 
 46591456437, 14 
 87909009690, 8 
 80736530655, 2 
 43970141754, 2 
 93421294987, 6 
 50000398936, 3 
 90134864677, 3 
 97739655679, 5 
 72576583497, 3 
 53098391125, 10 
 18693297796, 2 
 69727737245, 1 
 26335134023, 4 
 63223170697, 9 
 75961682440, 3 
 76423622146, 4 
 68960944045, 2 
 73083891556, 8 
 99803325827, 5 
 71352078145, 14 
 73795665702, 6 
 24972354020, 10 
 49089959949, 9 
 42844762894, 15 
 19090376459, 7 
 63728269527, 12 
 61858306408, 9 
 77930151091, 3 
 14086551345, 14 
 29470481412, 2 
 70842583884, 9 
 39286956393, 1 
 22156867090, 5 
 63573101545, 10 
 37564943919, 2 
 61614945737, 4 
 21882865415, 3 
 47830542257, 9 
 22589992947, 7 
 25726116390, 5 
 57683088415, 12 
 90308117865, 10 
 95381231474, 4 
 56165128960, 3 
 26287036823, 7 
 72741175650, 1 
 54943001010, 1 
 19997642728, 1 
 84798787120, 14 
 64612019841, 5 
 29823729018, 6 
 89989455297, 9 
 43947050782, 8 
 54628715819, 8 
 62513541503, 7 
 27584090141, 7 
 86658314539, 4 
 52461038553, 7 
 23131690625, 5 
 79441388552, 11 
 43713409339, 10 
 13592910877, 8 
 46883587300, 10 
 27392294209, 9 
 59025421291, 2 
 23156847273, 3 
 92458508252, 6 
 83375049103, 17 
 55185030731, 14 
 30572444449, 2 
 46629124461, 11 
 31511251146, 6 
 36693597356, 7 
 97324167489, 1 
 41166351989, 9 
 90188332942, 10 
 72941344335, 3 
 71489602029, 2 
 22282313958, 10 
 19090874369, 10 
 42054299843, 6 
 42375905799, 9 
 28795011192, 11 
 76581899063, 1 
 77878789764, 6 
 66398672983, 7 
 66849970303, 1 
 36212400317, 9 
 76386524696, 7 
 12324339825, 9 
 50378101354, 4 
 56762324268, 5 
 55725218784, 3 
 93101115413, 11 
 19596939046, 1 
 40324146960, 3 
 43971204702, 4 
 79798180272, 1 
 47020436336, 9 
 99978615463, 1 
 16649369492, 9 
 46021041976, 3 
 87923595840, 7 
 93442306699, 6 
 99067136431, 4 
 54919745400, 2 
 59892747848, 4 
 79404480944, 4 
 96628146788, 4 
 22714265060, 4 
 64710360781, 13 
 69968327409, 6 
 74761153735, 12 
 52865557783, 7 
 39468056587, 14 
 48664587126, 12 
 68333299794, 15 
 33180540577, 3 
 78284966838, 17 
 92024961042, 5 
 18437560023, 8 
 88704396558, 2 
 90794857380, 25 
 91090978702, 6 
 63839799552, 4 
 38752534494, 4 
 73127416698, 5 
 80861191396, 3 
 77809757825, 6 
 80295899323, 2 
 24315642987, 8 
 13522128307, 10 
 84629337562, 7 
 18216935453, 9 
 76084153592, 15 
 38787836683, 3 
 55957229773, 10 
 78036958743, 14 
 16035604490, 17 
 63732679112, 9 
 65909318110, 3 
 43226261880, 20 
 11281780186, 2 
 59867172340, 9 
 98535474727, 7 
 71094114130, 9 
 42679766458, 10 
 71131395632, 10 
 99507323023, 1 
 91157944737, 14 
 61057343217, 8 
 10209389008, 1 
 87627279044, 2 
 60896962256, 9 
 20252609433, 6 
 15578404162, 1 
 69472526941, 2 
 18396894164, 10 
 43491377153, 9 
 30358121737, 5 
 37168653211, 4 
 67506423823, 20 
 87392569104, 2 
 92001114789, 9 
 71035265296, 1 
 66895126883, 2 
 60555166576, 5 
 83021777922, 8 
 62122580699, 5 
 54981269258, 4 
 70578638931, 4 
 58825872377, 23 
 74511756964, 10 
 49498555965, 16 
 40266860253, 7 
 15769327451, 8 
 88165631863, 7 
 10675154104, 3 
 34074292632, 9 
 19418693909, 10 
 68496574809, 2 
 81608182479, 9 
 76068993280, 4 
 16222350276, 3 
 77849053647, 10 
 29472770105, 1 
 14446286588, 5 
 86901283154, 17 
 85271638174, 6 
 70147487276, 7 
 94828316109, 9 
 95339613349, 2 
 25882106915, 10 
 13309765382, 6 
 33183539979, 1 
 65914419350, 2 
 69435584502, 3 
 67533867068, 2 
 79044757219, 9 
 77960562314, 9 
 18305618710, 4 
 25751056281, 3 
 67105345985, 4 
 55457675636, 19 
 76294367120, 4 
 61904324137, 2 
 49475474712, 7 
 95707064491, 4 
 54608982994, 2 
 81493746891, 2 
 37630940303, 5 
 30687532436, 4 
 41008494745, 10 
 46037125368, 3 
 38871785849, 3 
 70988037192, 7 
 80412997014, 8 
 96017216890, 7 
 17103237747, 1 
 67189149087, 5 
 60950514260, 10 
 12463601751, 4 
 41233343952, 5 
 68479654309, 18 
 14090369786, 1 
 60652651467, 9 
 72984000819, 8 
 13861353004, 9 
 43987752916, 7 
 48565704556, 7 
 35916183779, 10 
 57642360138, 1 
 45374811119, 10 
 21603897700, 3 
 97128341450, 3 
 13901613395, 4 
 91393570417, 4 
 92880933662, 2 
 37719614812, 6 
 51910412005, 9 
 66890962558, 6 
 83103805179, 8 
 50571695017, 31 
 21334058684, 6 
 12663891033, 3 
 67234781104, 10 
 20224785416, 14 
 13335298583, 7 
 46531425595, 3 
 86363915968, 15 
 30909003250, 2 
 77440159392, 8 
 54630867812, 5 
 18758785295, 17 
 66551512582, 2 
 22800375280, 10 
 92328627619, 13 
 24601943122, 9 
 18215738779, 9 
 51822334145, 10 
 76497328526, 7 
 73071577649, 9 
 10373318993, 9 
 32157281411, 2 
 10539521652, 11 
 53988807493, 4 
 37928390597, 8 
 84110658451, 3 
 34313062309, 10 
 65276624549, 5 
 36044716840, 10 
 80976470606, 4 
 62041798135, 4 
 24068579407, 6 
 41063510437, 9 
 47402094690, 7 
 20205318642, 9 
 88748584952, 26 
 86406629695, 2 
 64328419710, 9 
 59437835456, 12 
 96342616073, 11 
 89446589850, 9 
 14668773298, 8 
 11683662886, 10 
 67347561409, 21 
 52090593480, 3 
 38742589766, 7 
 52570605217, 10 
 95212586940, 5 
 74129106891, 10 
 47745468363, 6 
 11056915800, 3 
 54348237976, 9 
 63473878328, 3 
 22059756605, 7 
 43366242766, 11 
 49986895936, 6 
 92542075554, 5 
 86548131070, 10 
 91268490917, 2 
 78059545516, 5 
 86439881062, 9 
 62927449919, 9 
 10825432466, 10 
 39936257500, 7 
 33156510241, 14 
 48139997022, 2 
 92453579257, 3 
 68488832508, 11 
 17654362016, 8 
 42413321515, 7 
 51335922552, 10 
 51572569516, 10 
 34523855791, 5 
 84582759742, 11 
 29650451452, 10 
 90192962500, 10 
 55689308327, 4 
 99795423952, 10 
 34049968552, 8 
 13579750909, 13 
 50817767354, 2 
 97187492641, 5 
 94617278059, 12 
 98963023019, 15 
 99519486017, 13 
 76486312023, 3 
 98378985571, 1 
 17682186596, 5 
 56248478738, 5 
 85437014339, 1 
 88797047036, 14 
 29299500777, 2 
 22639547374, 3 
 83125340853, 11 
 99323349812, 18 
 15609737575, 10 
 50324891594, 8 
 69935532157, 7 
 57042756299, 10 
 24453207256, 9 
 79084325476, 1 
 41473512793, 5 
 84841439226, 3 
 65100597884, 3 
 47788734663, 4 
 95223074001, 2 
 49210881653, 7 
 34738590404, 9 
 56000489173, 6 
 31794292708, 9 
 97633717533, 8 
 84191688980, 6 
 35222505247, 7 
 89714518831, 5 
 89125643259, 6 
 91753421433, 6 
 59515591590, 7 
 81381964071, 5 
 52357449535, 7 
 49807103583, 10 
 99334586047, 6 
 36433294045, 11 
 68522763905, 2 
 14524311021, 3 
 30886008628, 10 
 98036274794, 12 
 84240455718, 7 
 33778424594, 1 
 23338225054, 8 
 55522454674, 4 
 29340097221, 7 
 59229966303, 7 
 39212332634, 3 
 61691683133, 5 
 91304823662, 2 
 36716687261, 7 
 45293793091, 10 
 97401573093, 13 
 29284882438, 13 
 22783544606, 2 
 88470037780, 6 
 26927388576, 3 
 14397983165, 7 
 55471420329, 3 
 92863131922, 3 
 21958197776, 3 
 67171315768, 14 
 20481079940, 9 
 27287512000, 3 
 10112341252, 8 
 44026836281, 5 
 75120572101, 14 
 97168853730, 8 
 14165856426, 11 
 32475298689, 9 
 45437597879, 4 
 29666476589, 9 
 86942431512, 3 
 76973754155, 8 
 92310775689, 10 
 41654511823, 8 
 85077665463, 8 
 55434282369, 3 
 49414418271, 1 
 36297732903, 9 
 80473122795, 8 
 90215162542, 1 
 52642401532, 5 
 47683502887, 6 
 13990831340, 1 
 90300764763, 10 
 69349139107, 9 
 39757412147, 10 
 73568070994, 13 
 62483565698, 7 
 25713464655, 9 
 41889529870, 9 
 64476414572, 1 
 55700891340, 3 
 75223774524, 8 
 16997944397, 6 
 52088773903, 6 
 21447530806, 5 
 31802868338, 8 
 36807343633, 2 
 13603214193, 5 
 45983442069, 5 
 53696912858, 10 
 91084844879, 2 
 23477313511, 2 
 95764365674, 5 
 81034332302, 9 
 83918377054, 9 
 27096024794, 8 
 76172208225, 6 
 65891961203, 6 
 32154947560, 11 
 41392173486, 10 
 18358795087, 5 
 99239212669, 2 
 90020274937, 8 
 88297821601, 7 
 17697497490, 6 
 99099123645, 7 
 83304967814, 6 
 59020944808, 3 
 29288332746, 3 
 29370981317, 13 
 74926520980, 13 
 11363943523, 3 
 27163033881, 8 
 28010902606, 9 
 15169174426, 13 
 36914522660, 1 
 34238024508, 2 
 42788092647, 6 
 79295260650, 10 
 40299352367, 10 
 37297733439, 12 
 84998983882, 9 
 83186730870, 6 
 28110313327, 10 
 18426968150, 8 
 81460447921, 5 
 44094063034, 2 
 84924585298, 15 
 54381729450, 5 
 55761943995, 6 
 81125507194, 9 
 89274719018, 10 
 77827069694, 5 
 48287588258, 2 
 77840911123, 8 
 41200859889, 10 
 61623216212, 4 
 52245857971, 5 
 59252803949, 5 
 83341644870, 4 
 62919228194, 3 
 68364636987, 6 
 86179160177, 8 
 41194500571, 6 
 44991754816, 11 
 83957873658, 5 
 41241842210, 2 
 12249201413, 6 
 56377059438, 2 
 94188174645, 7 
 21802042736, 1 
 35907347136, 4 
 93714562449, 10 
 28419074745, 6 
 36326995094, 9 
 35373132461, 11 
 69743210346, 3 
 22857778026, 8 
 39418014213, 7 
 48541083086, 1 
 43255032293, 9 
 92854845222, 2 
 93362434279, 9 
 28407016341, 6 
 55773087705, 4 
 84531714771, 16 
 50907380825, 1 
 60331200533, 8 
 10177478974, 4 
 62454611417, 8 
 32683612756, 7 
 34233091808, 12 
 11289492020, 7 
 50272348842, 10 
 53829766071, 2 
 71275076259, 8 
 34838375774, 8 
 18152207665, 1 
 22702515302, 8 
 61724252017, 7 
 80609683236, 10 
 34913236280, 9 
 38108685548, 17 
 95659773340, 11 
 20550640695, 4 
 48298033103, 2 
 26030598683, 8 
 96971017058, 13 
 82370176308, 3 
 35111190130, 24 
 90576141156, 14 
 99678572251, 9 
 64523250214, 6 
 97831460623, 8 
 18157965941, 5 
 45484934708, 7 
 87122812685, 3 
 72718758043, 10 
 20888758742, 5 
 54765976861, 9 
 61942636622, 9 
 72069748403, 8 
 12836517444, 3 
 95838976427, 3 
 83288717185, 1 
 50477373003, 15 
 58878861493, 9 
 54048117740, 9 
 51909686583, 8 
 43037379236, 6 
 78393108969, 5 
 90814849311, 7 
 43475295066, 8 
 42160587776, 10 
 34963470820, 1 
 56893605527, 7 
 26306746934, 12 
 70159583405, 6 
 86239751664, 3 
 48750711060, 3 
 59924053539, 3 
 33120000488, 10 
 68137531815, 8 
 18592327453, 7 
 57474839548, 10 
 62230676075, 3 
 30142955387, 9 
 77909845627, 4 
 82860725011, 7 
 87000446149, 7 
 18707082555, 2 
 65992652242, 8 
 77545379741, 7 
 94522949331, 10 
 26888925867, 8 
 75243734766, 1 
 62517787181, 15 
 52318678663, 7 
 74117692229, 2 
 34058067002, 7 
 79245647938, 18 
 79178946475, 8 
 30741415884, 5 
 79634776360, 5 
 91597443336, 10 
 64798248777, 14 
 32679484767, 13 
 23609657808, 13 
 29600305665, 8 
 98113884479, 4 
 57517928757, 3 
 37959802806, 8 
 22967858533, 10 
 10641084821, 3 
 16295504585, 2 
 78038899067, 9 
 78988775199, 2 
 87455305369, 3 
 39926097411, 8 
 24679506867, 9 
 82462593519, 1 
 83150787987, 3 
 25382482219, 1 
 69695024727, 12 
 24071057671, 2 
 93705000134, 9 
 16604116780, 9 
 15296684790, 7 
 52634041330, 13 
 61286526628, 6 
 80156763665, 9 
 76820274004, 7 
 77533440801, 16 
 61698614898, 2 
 23353461953, 14 
 24823417576, 5 
 31246272813, 9 
 33674047497, 9 
 44872672762, 7 
 80019064150, 9 
 90888956538, 1 
 66265085588, 3 
 22487929215, 9 
 69996163582, 10 
 64762963622, 2 
 99272505087, 4 
 33808360069, 11 
 86147522582, 7 
 41612004899, 11 
 95981184858, 10 
 72722173053, 10 
 85523881684, 5 
 71957979101, 7 
 10711387679, 4 
 29322491879, 9 
 50559318652, 8 
 73233048617, 7 
 54973820859, 8 
 62145385449, 4 
 56350099830, 18 
 15241845518, 7 
 10419283530, 13 
 82372256298, 10 
 35305285832, 5 
 84812921534, 7 
 20378886458, 5 
 92420802897, 2 
 32437541046, 6 
 57415058776, 15 
 21515857551, 4 
 31486560977, 8 
 53906661433, 10 
 89226086215, 9 
 73740007066, 10 
 96980965178, 4 
 61755279894, 16 
 93289292647, 17 
 57015295086, 3 
 32997000998, 3 
 38763479769, 3 
 13506935826, 9 
 41451794796, 5 
 95192911460, 12 
 82441139641, 6 
 31122382934, 1 
 93647147036, 6 
 16524766071, 12 
 32098415340, 2 
 40531389472, 1 
 29103138322, 9 
 22962092284, 19 
 22858308494, 5 
 27611285203, 2 
 90174028737, 1 
 34698197669, 10 
 68307868821, 10 
 55775106858, 5 
 86721745944, 15 
 23917197295, 8 
 86198050421, 9 
 19443438871, 9 
 34286941828, 5 
 64410955056, 14 
 67316500891, 18 
 65198104388, 17 
 78230612751, 21 
 21654397536, 8 
 48687217033, 2 
 81452133323, 1 
 12754764482, 9 
 42249912741, 10 
 36161053522, 8 
 31497106131, 13 
 35895534121, 3 
 31523689940, 15 
 61241325959, 9 
 54630820294, 2 
 83218295625, 5 
 10564180909, 10 
 38084053592, 8 
 16212928557, 10 
 37866890695, 5 
 63087155879, 4 
 28897144639, 8 
 43677795922, 5 
 24607055885, 3 
 95329362678, 2 
 13038835596, 14 
 25176202645, 4 
 62333390421, 13 
 19173894824, 2 
 40651496061, 3 
 70063365543, 10 
 38776615301, 1 
 13499407831, 9 
 78618764965, 8 
 40654309779, 4 
 98473408500, 2 
 64436838423, 2 
 55150032702, 13 
 25944044217, 1 
 51948305230, 5 
 73530019231, 13 
 47521013058, 5 
 48764134431, 3 
 47061967639, 8 
 76249001580, 6 
 71193673814, 6 
 47776168333, 2 
 54006215551, 3 
 68342635057, 11 
 37438291379, 5 
 96622197949, 2 
 22093882102, 19 
 90661585586, 12 
 93641390011, 7 
 76705763610, 9 
 98949602924, 1 
 97476386372, 3 
 44754039950, 2 
 78485806322, 4 
 30459475915, 3 
 36572250034, 10 
 58632874407, 20 
 46833913522, 5 
 72820263269, 4 
 34659655245, 6 
 42738557824, 6 
 44545029911, 5 
 95347592259, 8 
 36236506401, 8 
 70394026177, 5 
 28244193461, 13 
 96393288895, 4 
 31632556546, 7 
 19812365406, 9 
 12408754490, 9 
 38971324467, 12 
 59056940354, 8 
 81945990837, 5 
 43778730817, 6 
 82802295068, 3 
 42982801332, 8 
 31814137927, 8 
 65774362943, 6 
 83227127827, 6 
 46930749764, 24 
 19246445824, 10 
 21549913438, 13 
 38082779640, 4 
 64018919641, 7 
 39591874492, 5 
 89150184772, 12 
 90214907052, 3 
 41545722666, 8 
 84168471387, 10 
 52911322221, 1 
 72472681158, 4 
 22781204696, 10 
 15519301655, 11 
 75547749688, 11 
 48905100168, 1 
 53594688531, 16 
 22130808396, 8 
 26492056115, 7 
 70731070665, 20 
 51892021079, 11 
 18288348400, 2 
 31610161331, 18 
 21363487675, 2 
 79357966578, 2 
 20735608964, 12 
 27167430699, 4 
 88675911316, 8 
 74171542042, 9 
 62967005013, 10 
 35824297369, 1 
 75097912674, 6 
 78908848542, 8 
 37116315016, 4 
 55387995069, 13 
 62913813889, 9 
 15359543588, 5 
 25285410405, 15 
 92586931240, 3 
 40627817029, 20 
 36504867601, 5 
 61725523812, 6 
 92313908410, 14 
 96377836945, 8 
 45854277592, 3 
 34125273114, 3 
 30260331211, 13 
 63840731133, 1 
 47476083100, 3 
 27227592949, 3 
 13448164755, 13 
 90153074462, 1 
 36370965926, 10 
 74351159483, 9 
 37222679117, 5 
 66873232408, 2 
 72990369325, 8 
 66626577747, 2 
 74150631383, 1 
 21180266210, 2 
 56209339586, 10 
 27746283764, 4 
 47549962000, 17 
 92615137302, 7 
 20635825309, 7 
 49292234645, 7 
 35582741384, 7 
 40413447876, 13 
 30761456371, 10 
 16625447517, 1 
 76819969433, 5 
 57321726915, 1 
 26478765224, 10 
 85886268113, 12 
 35334244687, 1 
 74317820456, 2 
 10073865510, 10 
 41186427984, 9 
 55146461366, 10 
 96021562791, 5 
 72174123016, 2 
 54659915295, 8 
 87630741314, 9 
 43408253838, 9 
 13616793291, 12 
 90143755049, 1 
 13913694855, 9 
 52979731659, 6 
 28211312201, 7 
 77879585586, 9 
 54002504612, 4 
 90657989463, 7 
 87334878136, 12 
 55430590257, 6 
 25232260371, 9 
 27135756433, 10 
 59242133013, 4 
 61916595065, 1 
 90448909109, 7 
 71434744227, 8 
 71541814686, 1 
 98358414673, 8 
 27829417310, 10 
 28867188305, 4 
 75474562188, 1 
 29844643351, 9 
 33577281742, 5 
 21763454598, 10 
 47867950624, 7 
 30869848608, 4 
 56132784202, 2 
 73273830581, 5 
 43199462825, 19 
 37088750018, 5 
 49476752138, 7 
 96651523711, 9 
 83640781927, 10 
 99657232635, 1 
 73251830104, 11 
 45177023661, 9 
 18116880132, 6 
 73242918254, 16 
 77199094211, 9 
 58104929304, 6 
 42258543930, 6 
 77918387626, 5 
 38903147092, 9 
 20000346232, 1 
 85015970200, 16 
 73509348188, 7 
 14153379267, 7 
 67510845116, 9 
 26878196646, 3 
 47113418197, 5 
 99907095004, 10 
 98447673663, 6 
 50582426230, 5 
 37235962737, 5 
 19362176663, 3 
 79618969876, 7 
 38435499777, 9 
 81498117197, 3 
 89775443699, 9 
 57838862550, 10 
 20398738067, 8 
 19683027589, 2 
 53635274267, 9 
 13449847651, 9 
 70660463549, 15 
 86457669877, 10 
 37283892316, 8 
 14593707423, 6 
 32310655713, 12 
 58614288265, 15 
 66299576431, 20 
 83795623277, 1 
 48772829459, 7 
 46611993129, 2 
 91858501409, 6 
 23802034551, 3 
 10767220497, 13 
 32240279745, 4 
 38236997575, 8 
 41624334675, 18 
 86963726215, 13 
 39818046793, 12 
 41431124319, 19 
 14788529795, 5 
 24887087250, 3 
 62782874612, 6 
 67701113209, 1 
 34178690043, 8 
 47824239966, 16 
 98366771319, 9 
 37816384138, 9 
 19569206147, 7 
 95164467884, 3 
 29082219128, 4 
 73508272700, 7 
 37685605636, 11 
 11853189233, 8 
 49786930161, 6 
 17528754878, 5 
 21791088142, 7 
 54087929593, 3 
 58270280850, 27 
 19646884189, 4 
 18764552430, 3 
 74715714253, 16 
 20263360234, 8 
 37596096644, 3 
 21624837123, 7 
 91610089746, 13 
 17588852822, 2 
 36561740327, 2 
 72674184209, 7 
 96071904557, 7 
 35101587866, 6 
 14471216019, 6 
 45041513150, 4 
 52171180151, 2 
 54542307194, 10 
 22294311497, 3 
 59735307554, 16 
 76633306091, 12 
 60157296587, 9 
 10591847069, 18 
 11066239219, 13 
 64170756061, 10 
 10998289622, 18 
 37545763086, 1 
 84586954053, 7 
 56312605780, 6 
 99624907124, 8 
 40979462118, 10 
 73534650269, 8 
 31045117633, 8 
 50773665264, 12 
 56695207409, 17 
 33814102057, 16 
 39764131787, 3 
 74509557286, 6 
 78157049585, 7 
 28449962512, 8 
 82440159092, 10 
 73948099243, 2 
 37226672274, 9 
 75833133505, 19 
 90259849907, 3 
 43342168324, 10 
 35432088689, 5 
 97819110354, 9 
 33017613617, 10 
 56269104086, 9 
 47061243432, 5 
 37339151745, 8 
 59480672128, 5 
 68303102319, 7 
 41303213305, 20 
 92366791804, 10 
 26496614793, 2 
 73036429454, 8 
 41822190741, 5 
 65557643812, 7 
 31413014106, 2 
 72872849929, 3 
 72617193059, 9 
 80420784150, 9 
 33549434702, 2 
 60664839478, 10 
 34474852943, 5 
 73967008589, 13 
 31122397265, 14 
 73683521487, 8 
 46982248460, 5 
 88145406696, 5 
 69456155488, 2 
 19052289140, 6 
 88603248511, 1 
 67351916255, 7 
 89858056650, 7 
 23573200216, 8 
 35371107306, 7 
 38777247599, 2 
 64569051186, 16 
 99724403597, 2 
 84943320758, 8 
 76101213827, 7 
 99898513493, 1 
 82806052629, 4 
 45234487261, 9 
 63922196167, 5 
 95974506685, 7 
 95130818023, 6 
 96415984759, 4 
 13256640561, 10 
 63003424546, 2 
 24814569961, 10 
 40619797396, 5 
 67871027179, 17 
 48831605122, 5 
 43428799142, 6 
 42075749327, 17 
 93388133482, 7 
 85977297355, 5 
 51859548743, 1 
 68799226918, 8 
 44562381122, 10 
 85937450322, 2 
 23532961324, 2 
 31864066825, 1 
 84051009544, 5 
 99170128600, 1 
 22155564480, 5 
 19336462769, 13 
 30367789707, 10 
 99128818247, 2 
 80569138598, 17 
 43393968303, 6 
 53971399402, 10 
 79640643523, 19 
 96110965899, 10 
 50171050854, 9 
 27506591149, 5 
 88776201237, 12 
 67517854762, 18 
 77529215396, 1 
 93355318787, 3 
 66994330136, 10 
 93516447800, 1 
 96148586500, 8 
 51304572281, 3 
 84057648588, 1 
 40125932025, 12 
 47480327055, 26 
 94964243740, 7 
 38094605456, 8 
 55506514831, 6 
 13440173293, 4 
 74093578016, 7 
 10559100192, 11 
 49269317040, 9 
 83871149807, 3 
 72202943489, 4 
 64944391673, 5 
 48911471891, 16 
 36328115986, 3 
 80996557703, 2 
 68538756860, 4 
 19063684592, 3 
 38642289825, 18 
 17096480817, 11 
 34308039275, 4 
 98403332041, 1 
 24714779076, 18 
 29584758616, 10 
 44862377832, 6 
 93685463829, 3 
 15483292026, 1 
 82165061002, 30 
 75386864548, 1 
 94386647663, 9 
 73591252732, 1 
 28865497271, 11 
 36743230208, 1 
 69309439045, 6 
 65124526049, 6 
 20257869330, 7 
 54240901669, 6 
 78667719445, 11 
 40773257818, 11 
 62249205488, 2 
 95571838812, 3 
 12696468365, 8 
 70658161747, 10 
 10969942873, 3 
 97118055040, 10 
 59506493796, 6 
 76938893675, 2 
 64495382101, 4 
 41629973312, 2 
 89976814367, 8 
 72036388148, 12 
 93852996372, 15 
 14592026058, 6 
 81687104675, 9 
 71845377109, 4 
 83784346375, 10 
 86307759906, 19 
 30574125864, 10 
 52514531132, 3 
 80869715267, 4 
 74601812070, 2 
 24025192621, 11 
 50376759926, 10 
 47122300575, 7 
 75647585123, 9 
 57336348773, 4 
 71855582795, 6 
 98833107102, 10 
 21954328557, 8 
 79939842109, 2 
 87520878914, 3 
 72558940926, 2 
 26294044671, 3 
 66979560147, 14 
 23743359201, 6 
 21703945801, 16 
 64459812621, 9 
 34096373436, 1 
 50469996519, 9 
 79030688434, 10 
 48802092509, 5 
 76137339069, 12 
 36341145504, 9 
 12241698190, 9 
 42665953268, 3 
 92793400917, 9 
 39950674033, 12 
 47240766423, 8 
 87261722050, 4 
 38788165643, 14 
 10586413313, 6 
 83502381580, 8 
 85557998043, 6 
 77531270453, 8 
 37333007677, 3 
 22277715359, 2 
 74823316273, 5 
 77299943897, 8 
 93898691078, 7 
 86675384833, 5 
 44752687762, 1 
 91527252394, 3 
 76525421950, 10 
 28414340659, 2 
 39025783882, 9 
 93709250563, 2 
 25954847815, 2 
 67551068222, 1 
 71310624849, 2 
 27777019788, 20 
 37243596472, 10 
 49454522208, 10 
 14094543878, 15 
 77853497642, 9 
 30293507239, 7 
 75568516076, 8 
 17444496902, 3 
 13771516991, 2 
 53058552438, 10 
 61602798685, 13 
 34920350060, 10 
 36978137995, 7 
 17836813861, 7 
 93435012263, 2 
 24356265834, 1 
 79886878677, 13 
 91073989951, 2 
 85193719991, 4 
 50273470438, 6 
 99602205845, 1 
 85168329788, 5 
 80997403070, 6 
 41042602686, 3 
 90510227427, 9 
 97920395384, 13 
 69063103129, 15 
 38214890044, 4 
 88298836983, 2 
 19806218304, 3 
 28986048087, 10 
 97806636359, 4 
 41233341074, 9 
 79432571583, 9 
 70138180706, 2 
 75574203497, 5 
 65770830914, 5 
 76018605257, 27 
 31951881050, 4 
 94271532765, 29 
 84544401525, 16 
 82028341652, 4 
 12609990413, 8 
 64452551163, 13 
 56822188537, 9 
 71293693238, 7 
 90474513432, 8 
 41104078676, 10 
 31627147321, 1 
 39419366215, 9 
 11875325524, 9 
 86996022674, 14 
 51078354965, 17 
 26217504808, 5 
 90238143243, 3 
 17809739229, 4 
 68303302736, 19 
 22349546394, 4 
 48838207738, 11 
 63498837335, 7 
 35416680734, 6 
 58327966399, 14 
 97947822302, 5 
 15311282623, 9 
 60436489444, 3 
 96966072886, 14 
 77185597303, 7 
 50474598211, 4 
 26632306521, 10 
 53985856564, 8 
 32630040291, 5 
 61192332089, 2 
 81650039176, 8 
 50940322870, 16 
 59432225230, 10 
 48003482187, 8 
 61272415471, 2 
 29570048783, 8 
 93735534388, 6 
 27300245189, 18 
 76475734876, 4 
 30800654408, 10 
 82615737856, 6 
 59924013530, 20 
 59311127883, 17 
 64642811261, 12 
 98288584184, 7 
 74158968382, 6 
 75418423943, 10 
 54226256831, 10 
 13928708328, 8 
 29628383217, 17 
 30217940344, 5 
 76789550765, 9 
 89554365138, 9 
 23199087856, 2 
 63652830826, 1 
 34429555986, 3 
 28378000646, 1 
 71589014506, 9 
 55762741929, 2 
 59174668433, 11 
 19863686092, 4 
 61709752548, 7 
 46654482693, 12 
 41115858990, 10 
 65472328925, 10 
 29288416318, 5 
 23018466229, 8 
 43570896934, 1 
 51091175677, 9 
 83411466670, 4 
 17500237983, 7 
 95963304656, 5 
 66790078293, 19 
 79973166341, 7 
 62041623744, 17 
 79891480061, 4 
 95419992092, 10 
 33376378446, 8 
 33313384732, 1 
 46792611310, 2 
 85819386954, 11 
 85767215018, 5 
 78719824879, 5 
 45032127460, 8 
 69373462339, 7 
 40692258207, 17 
 81291803763, 9 
 37963055267, 1 
 89896639106, 20 
 88947272263, 3 
 99146549408, 6 
 51462237858, 9 
 52130956640, 22 
 57051284691, 1 
 84481832774, 10 
 76181758718, 4 
 66911818766, 5 
 53983908039, 1 
 16113608620, 14 
 95705175700, 10 
 51546045551, 10 
 78050240604, 6 
 30392970098, 16 
 83208976395, 4 
 99119362904, 10 
 98315975343, 7 
 50382534707, 6 
 45778115962, 3 
 61442808461, 6 
 63244662535, 11 
 16252896159, 16 
 81247932141, 4 
 73936320102, 2 
 20540147096, 10 
 16404856308, 3 
 30441842457, 3 
 21000418071, 4 
 29840309625, 9 
 71264268760, 10 
 45289729490, 6 
 45307918904, 5 
 52719230739, 9 
 38510868839, 3 
 70415828378, 2 
 70392892150, 10 
 98045978490, 8 
 44770448343, 2 
 39569827068, 10 
 27047080806, 12 
 66263221523, 8 
 43820420890, 3 
 19381330532, 17 
 14523563214, 5 
 23345371775, 9 
 91956693361, 2 
 42937479548, 3 
 56511329081, 8 
 17030466567, 3 
 12864087777, 4 
 74412492692, 6 
 19380825759, 2 
 17470466418, 8 
 30771592130, 3 
 32815928430, 17 
 99077294740, 1 
 38650047197, 10 
 28493340792, 2 
 58378355000, 7 
 32761770890, 10 
 52559816977, 16 
 66709262681, 13 
 48222140622, 7 
 20879419040, 7 
 58954974692, 8 
 84084496590, 10 
 68388963757, 4 
 51246449366, 5 
 23267213154, 10 
 64749265804, 8 
 62357359461, 10 
 74701148918, 15 
 59519289170, 5 
 37582785160, 6 
 21668158360, 4 
 70315737903, 13 
 98478047504, 2 
 86741031933, 10 
 77339866314, 13 
 21343895178, 1 
 81490627621, 5 
 62199096831, 7 
 41175214628, 6 
 12100577380, 7 
 76349951413, 11 
 84995861736, 2 
 24569580598, 10 
 97564875374, 17 
 77706946253, 5 
 92494577724, 8 
 44689125426, 6 
 22489392878, 12 
 85540014162, 10 
 94954223758, 4 
 11836327543, 12 
 28096371598, 6 
 66657401746, 8 
 51670781867, 5 
 33663375310, 9 
 30672925324, 1 
 75094782148, 8 
 30149744590, 2 
 80654918887, 6 
 48036117990, 5 
 68378792986, 6 
 41139903470, 9 
 30396765677, 5 
 12839170114, 1 
 80664230163, 9 
 32190573207, 13 
 27707954289, 10 
 39783150523, 14 
 49735406963, 4 
 65302726826, 7 
 13255935652, 11 
 79318004214, 7 
 25495823841, 9 
 59972174261, 4 
 35445465424, 3 
 47219984783, 6 
 22565183463, 3 
 36793581119, 3 
 63819360901, 10 
 80714109262, 20 
 72536543282, 1 
 27324182833, 3 
 19537993001, 7 
 53063812101, 10 
 52219822998, 5 
 35912668021, 3 
 27904986969, 1 
 37970521702, 9 
 18616379361, 10 
 59320044274, 1 
 41488051277, 1 
 87327949930, 18 
 33394168214, 12 
 13533788011, 6 
 93000332404, 5 
 93348242039, 3 
 92463841163, 7 
 42514106774, 18 
 29840114463, 22 
 97052755982, 9 
 58987301368, 2 
 58043412201, 8 
 61740234780, 1 
 19340115586, 20 
 32457119701, 7 
 78558303063, 5 
 90558401085, 6 
 65597599514, 4 
 61927676069, 8 
 94745741878, 4 
 56522850641, 7 
 31401592563, 6 
 29034937128, 1 
 95584132322, 7 
 24270471276, 11 
 86030876012, 9 
 74842958123, 3 
 16480816277, 6 
 23587051543, 1 
 35608455430, 6 
 42414069078, 12 
 26792584531, 3 
 76251885407, 7 
 80270578474, 8 
 50688167315, 4 
 36414675612, 2 
 88859729539, 7 
 58173835522, 9 
 72456854718, 3 
 42866215500, 8 
 45603334947, 5 
 75213799565, 1 
 19431937228, 9 
 56772837030, 10 
 53490681173, 8 
 69745275059, 10 
 78502176785, 3 
 84144104525, 10 
 62554125237, 4 
 95978163941, 6 
 37090045945, 6 
 62123017852, 1 
 67163391378, 6 
 86518174328, 4 
 59003262505, 3 
 64882797543, 10 
 96409835232, 13 
 88342127908, 10 
 25303737516, 10 
 27243226475, 6 
 29541612005, 3 
 22672028130, 9 
 36017913525, 8 
 33303444010, 5 
 45321917924, 6 
 84327728085, 2 
 94219463520, 6 
 90360016554, 1 
 24791774405, 9 
 85748221035, 5 
 48562023829, 5 
 36826723719, 9 
 15368968202, 4 
 64657795057, 2 
 21244671225, 6 
 24678062420, 4 
 64940523598, 7 
 94880531051, 9 
 40831041656, 7 
 13765388233, 1 
 45264294352, 9 
 48417118723, 3 
 63382803416, 2 
 14742188381, 1 
 20923063541, 5 
 62543498956, 3 
 86076815118, 6 
 68220258879, 4 
 90530328146, 6 
 42998159988, 4 
 78778135920, 10 
 51100598157, 5 
 63557045493, 12 
 72403068659, 10 
 17304469675, 3 
 32456274424, 4 
 17808930819, 17 
 99180642272, 7 
 95498691294, 7 
 70679534601, 9 
 38704709588, 4 
 74111476732, 10 
 37280071779, 10 
 32924043044, 5 
 60038075490, 7 
 61328445855, 10 
 40395362508, 10 
 66700945086, 8 
 14873210467, 3 
 72240734388, 1 
 76627162662, 2 
 66182380449, 13 
 42079456512, 9 
 23154816745, 8 
 74493784005, 13 
 15244527644, 5 
 36372678853, 9 
 49877503966, 6 
 49398946538, 10 
 92144956635, 8 
 43468192295, 18 
 27621706490, 4 
 30144066124, 1 
 83337866899, 9 
 32895039021, 7 
 82859190317, 10 
 89911593081, 3 
 97381055277, 2 
 28637845074, 8 
 20026759095, 11 
 86880760801, 8 
 20544552651, 5 
 36502765794, 6 
 54429730960, 6 
 57907714469, 8 
 82111728224, 13 
 74682673318, 15 
 85122486528, 18 
 61964742434, 2 
 71602200814, 4 
 22130675685, 8 
 24597692909, 4 
 37783874458, 7 
 39873391754, 4 
 32421265697, 10 
 96599500275, 15 
 76763137829, 7 
 49839671251, 5 
 24347056393, 5 
 66390871229, 20 
 58530130251, 15 
 89555067465, 2 
 65734969352, 10 
 25396258264, 10 
 46210467297, 1 
 91868507334, 7 
 99774513068, 1 
 53146821946, 1 
 83783711800, 5 
 88059783658, 8 
 14475417590, 4 
 82621395568, 12 
 87106228887, 3 
 29324944056, 4 
 75694487246, 2 
 45163075642, 6 
 57196535956, 12 
 90548682235, 11 
 71084880324, 7 
 39992773615, 3 
 54249303014, 11 
 64905809353, 8 
 61847452652, 9 
 41737852346, 2 
 89476575365, 4 
 68002920281, 8 
 34556198294, 3 
 26030610508, 8 
 89160243329, 2 
 81279145481, 14 
 57061853038, 3 
 38944504546, 6 
 58650468121, 7 
 68643252982, 4 
 22414837842, 9 
 64957010943, 6 
 13906929466, 7 
 74388155552, 1 
 66522374708, 2 
 10742953637, 14 
 65437906036, 4 
 84497187980, 3 
 65465427700, 6 
 32297089263, 14 
 77749381566, 2 
 93379933341, 10 
 27833650262, 2 
 42546266439, 6 
 33145761171, 6 
 67191453839, 3 
 76722869726, 10 
 21544730236, 4 
 49020465704, 3 
 97731672488, 2 
 95591302050, 1 
 36957481429, 9 
 87869998598, 22 
 76001782222, 3 
 67154046663, 9 
 12948139227, 7 
 23898132192, 2 
 37569140122, 2 
 49674713623, 8 
 57796856755, 12 
 85384721881, 2 
 86394997684, 14 
 90120981839, 4 
 64572038382, 10 
 24228791797, 8 
 61090102118, 10 
 65575313389, 1 
 91433001332, 17 
 70274205041, 5 
 74924446362, 7 
 18561906642, 8 
 75098657759, 11 
 42696393858, 4 
 73634175557, 5 
 27198912222, 2 
 18353974405, 10 
 94419756706, 7 
 74844046374, 8 
 23678897354, 8 
 80341440834, 2 
 97394390361, 2 
 61350670350, 6 
 27199054816, 5 
 74605522683, 10 
 72465135632, 1 
 42140077771, 1 
 20773772188, 5 
 52877917467, 4 
 48390055789, 3 
 50180521235, 3 
 35043345962, 9 
 65124218173, 7 
 16146141133, 1 
 40595559309, 8 
 49284114012, 2 
 41942949482, 3 
 44323068602, 17 
 77880582543, 10 
 24883981763, 8 
 54312043358, 10 
 31686782553, 2 
 90960677255, 9 
 15789283166, 10 
 81914898861, 9 
 46821686565, 16 
 34794694762, 6 
 46458987779, 6 
 44859566549, 7 
 16000691436, 5 
 92170710488, 8 
 36907844843, 10 
 83540321206, 7 
 22005380173, 10 
 65622986434, 5 
 88973370899, 24 
 78239405734, 4 
 35892359325, 7 
 85666190899, 7 
 79324722123, 10 
 63401899360, 7 
 51832044080, 6 
 95137419154, 17 
 87755927031, 1 
 14951644928, 1 
 88582660154, 4 
 72319074514, 4 
 44186607921, 10 
 41027145532, 11 
 96761838117, 8 
 22657905729, 6 
 40497638077, 2 
 92039429471, 6 
 65861764049, 5 
 48065771481, 5 
 